7:
18:790
19:
36:
37:17,616,302,58,654,518,8,84,542,15
41:
42:
43:
44:17,302,564,616,70,354,518,84,654,1405
45:17,2162,899,1187,8,616
46:
59:654,302,17,58,518,616,84,8,1102,354
60:
69:
70:17,616,302,654,58,8,15,518,542,238
94:
106:
115:17,302,654,224,58,650
116:
142:616,17,302,58,654,15,542,8,61,518
143:81,780
148:
150:
156:
161:
171:17,58,654,302,616,542,8,289,84,32
172:
174:17
177:17,58,654,616,302,8,542,70,564,15
196:302,616,58,654,17,650,542,8,518,15
202:17,616,58,654,302,518,8,15,542,61
211:
217:
220:616,17,302,58,654,8,94,29,32,15
223:
224:17,302,654,616,58,84,542,15,8,518
225:17,518,616,84,302,58,8,654,15,245
228:81
229:
231:654,58,616,17,302,8,650,84,76,564
232:
238:
241:301,17
245:17,302,654,616,58,650,84,70,76,354
249:17,654,302,58,616,29,650,62
250:
253:
257:
272:17,616,654,15,302,518,58,245,1126,787
273:
